0.00
0.00
0.00
0.00
0.00
0.00
0.00
0.01
0.01
0.01
0.01
0.01
0.02
0.02
0.02
0.02
0.03
0.03
0.04
0.05
0.06
0.05
0.07
0.07
0.08
0.08
0.11
0.10
0.12
0.12
0.14
0.16
0.16
0.16
0.20
0.18
0.22
0.20
0.24
0.24
0.26
0.25
0.28
0.27
0.31
0.30
0.34
0.36
0.39
0.36
0.40
0.40
0.44
0.42
0.47
0.49
0.50
0.48
0.55
0.54
0.59
0.57
0.65
0.99
0.68
0.63
0.74
0.71
0.75
0.73
0.81
0.83
0.86
0.83
0.89
0.90
0.95
0.93
1.04
1.43
1.10
1.05
1.15
1.13
1.22
1.17
1.31
1.41
1.41
1.33
1.42
1.43
1.52
1.51
1.58
2.44
1.70
1.62
1.80
1.75
1.89
1.78
1.98
2.37
2.01
1.98
2.07
2.20
2.17
2.22
2.26
3.20
2.38
2.40
2.47
2.71
2.59
2.53
2.85
3.45
2.97
2.83
2.96
3.33
3.05
2.97
3.33
4.46
3.30
3.22
3.39
3.77
3.68
3.54
3.69
5.13
3.89
3.73
4.05
4.20
4.05
3.92
4.18
5.73
4.27
4.16
4.63
4.84
5.02
4.39
5.27
6.05
4.77
4.90
4.93
5.54
5.50
5.30
5.61
7.07
6.49
5.27
5.84
6.70
6.77
7.70
7.10
7.99
6.22
6.79
7.41
9.00
8.28
7.18
8.13
10.16
7.22
8.40
8.30
9.34
10.02
9.69
8.82
10.63
10.14
10.73
8.79
9.22
9.69
8.13
8.82
11.00
9.49
8.85
8.70
10.97
9.32
8.79
9.57
10.82
9.29
9.28
10.14
11.19
10.29
9.66
10.83
11.87
10.12
9.89
11.08
12.15
11.88
12.43
12.07
12.60
11.91
12.07
12.84
13.14
12.48
13.28
13.14
14.35
13.83
12.62
13.16
14.70
13.95
14.15
14.23
14.83
15.23
13.62
13.87
15.26
14.74
14.18
15.39
16.11
14.22
14.18
15.07
16.17
14.84
14.52
15.22
16.73
15.54
16.23
15.48
17.24
15.87
15.85
16.13
18.36
16.27
16.53
17.13
18.81
17.54
17.43
17.89
19.25
19.07
17.72
18.20
20.23
19.28
18.56
20.24
20.62
18.67
19.06
19.93
22.04
20.82
19.33
20.28
21.12
20.06
22.42
20.91
24.41
21.60
21.41
24.89
27.50
20.68
21.26
23.26
24.31
24.81
30.35
27.75
27.42
24.04
24.73
25.79
28.95
