
0.00

0.00

0.00

0.00

0.00

0.00

0.00

0.00

0.00

0.00

0.01

0.00

0.00

0.00

0.01

0.01

0.01

0.01

0.02

0.02

0.03

0.02

0.02

0.03

0.03

0.03

0.03

0.04

0.04

0.05

0.05

0.05

0.05

0.05

0.06

0.06

0.07

0.07

0.07

0.08

0.08

0.09

0.09

0.09

0.11

0.11

0.11

0.12

0.11

0.13

0.13

0.13

0.15

0.15

0.15

0.16

0.16

0.18

0.16

0.17

0.18

0.20

0.21

0.21

0.21

0.22

0.24

0.23

0.24

0.25

0.26

0.27

0.28

0.28

0.29

0.29

0.28

0.31

0.32

0.32

0.33

0.34

0.35

0.36

0.38

0.39

0.39

0.41

0.41

0.41

0.42

0.43

0.44

0.46

0.45

0.49

0.47

0.46

0.51

0.49

0.52

0.55

0.53

0.54

0.55

0.58

0.56

0.58

0.61

0.59

0.60

0.64

0.65

0.66

0.66

0.70

0.68

0.71

0.72

0.74

0.74

0.75

0.78

0.79

0.78

0.80

0.80

0.84

0.87

0.82

0.86

0.87

0.91

0.90

0.92

0.91

0.95

0.95

0.97

1.05

1.05

1.04

1.06

1.11

1.09

1.08

1.14

1.13

1.21

1.27

1.21

1.17

1.29

1.21

1.22

1.20

1.25

1.26

1.29

1.29

1.32

1.31

1.36

1.39

1.40

1.41

1.43

1.43

1.44

1.45

1.50

1.49

1.52

1.50

1.55

1.55

1.61

1.60

1.63

1.62

1.66

1.67

1.68

1.72

1.71

1.75

1.77

1.77

1.83

1.83

1.84

1.89

1.89

1.92

1.91

1.93

2.03

2.03

2.02

2.04

2.04

2.10

2.09

2.11

2.10

2.15

2.16

2.23

2.24

2.27

2.23

2.28

2.30

2.29

2.33

2.38

2.38

2.42

2.47

2.45

2.46

2.56

2.57

2.56

2.55

2.58

2.60

2.61

2.69

2.69

2.72

2.67

2.78

2.80

2.79

2.84

2.85

2.93

2.91

2.98

2.96

2.95

3.02

2.99

3.06

3.08

3.12

3.17

3.13

3.16

3.21

3.25

3.25

3.34

3.31

3.36

3.34

3.42

3.36

3.44

3.45

3.47

3.51

3.57

3.55

3.52

3.63

3.60

3.66

3.69

3.75

3.77

3.78

3.77

3.79

3.89

3.93

3.95

3.98

3.96

4.03

4.05

4.08

4.06

4.07

4.15

4.24

4.24

4.27

4.27

4.32

4.33

4.39

4.45

4.44

4.45

4.48

4.65

4.62

4.68

